local Library = loadstring(game:HttpGet("https://raw.githubusercontent.com/xHeptc/Kavo-UI-Library/main/source.lua"))()
local Window = Library.CreateLib("WHAT HUB", "DarkTheme")
local Tab = Window:NewTab("Main")
local Section = Tab:NewSection("Teleprot")
Section:NewButton("Sea", "ButtonInfo", function()
    local TweenService = game:GetService("TweenService")

local Tw = TweenService:Create(game.Players.LocalPlayer.Character.HumanoidRootPart, TweenInfo.new(25, Enum.EasingStyle.Linear, Enum.EasingDirection.Out,0,false,0),
{CFrame = CFrame.new(-5009.0415, 314.54129, -3007.92456, -0.358252287, -2.67786557e-08, 0.933624804, 1.038575e-09, 1, 2.9080983e-08, -0.933624804, 1.13879679e-08, -0.358252287)}):Play()
end)
Section:NewButton("Mansion", "ButtonInfo", function()
    local TweenService = game:GetService("TweenService")

local Tw = TweenService:Create(game.Players.LocalPlayer.Character.HumanoidRootPart, TweenInfo.new(25, Enum.EasingStyle.Linear, Enum.EasingDirection.Out,0,false,0),
{CFrame = CFrame.new(-12612.2861, 336.940155, -7469.40576, 0.32529819, 0, 0.945611477, -0, 1.00000012, -0, -0.945611596, 0, 0.32529816)}):Play()
end)
Section:NewButton("Hydra1", "ButtonInfo", function()
    local TweenService = game:GetService("TweenService")

local Tw = TweenService:Create(game.Players.LocalPlayer.Character.HumanoidRootPart, TweenInfo.new(25, Enum.EasingStyle.Linear, Enum.EasingDirection.Out,0,false,0),
{CFrame = CFrame.new(5321.87158, 601.60907, 193.12439, 0.158412457, 0, -0.987373054, -0, 1, -0, 0.987373054, 0, 0.158412457)}):Play()
end)
Section:NewButton("Hydra2", "ButtonInfo", function()
    local TweenService = game:GetService("TweenService")

local Tw = TweenService:Create(game.Players.LocalPlayer.Character.HumanoidRootPart, TweenInfo.new(25, Enum.EasingStyle.Linear, Enum.EasingDirection.Out,0,false,0),
{CFrame = CFrame.new(5750.88184, 51.3867416, -1366.84436, 0.855021417, 0, -0.518592715, 0, 1, 0, 0.518592715, 0, 0.855021417)}):Play()
end)
Section:NewButton("GreatTree", "ButtonInfo", function()
    local TweenService = game:GetService("TweenService")

local Tw = TweenService:Create(game.Players.LocalPlayer.Character.HumanoidRootPart, TweenInfo.new(25, Enum.EasingStyle.Linear, Enum.EasingDirection.Out,0,false,0),
{CFrame = CFrame.new(-4895.33301, 286.959503, -3126.97925, -0.329895854, 0.589711189, 0.737163484, 0.00133290887, 0.781169116, -0.624318123, -0.944016635, -0.204977259, -0.258490562)}):Play()
end)
Section:NewButton("IceCream", "ButtonInfo", function()
    local TweenService = game:GetService("TweenService")

local Tw = TweenService:Create(game.Players.LocalPlayer.Character.HumanoidRootPart, TweenInfo.new(25, Enum.EasingStyle.Linear, Enum.EasingDirection.Out,0,false,0),
{CFrame = CFrame.new(2211.48535, 25.9218864, -6580.01855, 0.833000839, 0, -0.553271711, 0, 1, 0, 0.553271711, 0, 0.833000839)}):Play()

end)
Section:NewButton("Chocolate", "ButtonInfo", function()
    local TweenService = game:GetService("TweenService")

local Tw = TweenService:Create(game.Players.LocalPlayer.Character.HumanoidRootPart, TweenInfo.new(25, Enum.EasingStyle.Linear, Enum.EasingDirection.Out,0,false,0),
{CFrame = CFrame.new(142.028564, 176.327835, -12115.7061, 0.919489741, 0.223642468, 0.323299676, -0.00191166252, 0.82494092, -0.565215766, -0.393109351, 0.519092023, 0.75895226)}):Play()
end)
Section:NewButton("Loaf", "ButtonInfo", function()
    local TweenService = game:GetService("TweenService")

local Tw = TweenService:Create(game.Players.LocalPlayer.Character.HumanoidRootPart, TweenInfo.new(25, Enum.EasingStyle.Linear, Enum.EasingDirection.Out,0,false,0),
{CFrame = CFrame.new(-1794.70398, 37.8359566, -11938.0996, -0.984812617, 0, -0.173621148, 0, 1, 0, 0.173621148, 0, -0.984812617)}):Play()

end)
Section:NewButton("Peanut", "ButtonInfo", function()
    local TweenService = game:GetService("TweenService")

local Tw = TweenService:Create(game.Players.LocalPlayer.Character.HumanoidRootPart, TweenInfo.new(25, Enum.EasingStyle.Linear, Enum.EasingDirection.Out,0,false,0),
{CFrame = CFrame.new(-2143.7666, 47.7578354, -10028.2627, -0.933650494, 0, -0.35818553, 0, 1, 0, 0.35818553, 0, -0.933650494)}):Play()

end)
Section:NewButton("Port", "ButtonInfo", function()
    local TweenService = game:GetService("TweenService")

local Tw = TweenService:Create(game.Players.LocalPlayer.Character.HumanoidRootPart, TweenInfo.new(25, Enum.EasingStyle.Linear, Enum.EasingDirection.Out,0,false,0),
{CFrame = CFrame.new(-243.74231, 6.76562834, 5358.69775, 0.928229749, -0, -0.37200737, 0, 1, -0, 0.37200737, 0, 0.928229749)}):Play()

end)
Section:NewButton("HauntedCastle", "ButtonInfo", function()
    local TweenService = game:GetService("TweenService")

local Tw = TweenService:Create(game.Players.LocalPlayer.Character.HumanoidRootPart, TweenInfo.new(25, Enum.EasingStyle.Linear, Enum.EasingDirection.Out,0,false,0),
{CFrame = CFrame.new(-9490.72363, 132.780807, 4808.10986, -0.995447516, 0.0614630058, 0.072853066, 0.00212031417, 0.778416157, -0.627745032, -0.0952930972, -0.624732494, -0.775002837)}):Play()
end)
